255 255 255 255 255 255 255 255 255 255 255 255 255 255 255 255
255 255 255 255 255 255 255 255 255 255 255 255 255 255 255 255
255 255 255 255 255 255 255 255 255 255 255 255 255 255 255 255
255 255 255 255 255 255 255 255 255 255 255 255 255 255 255 255
255 255 255 255  73  40  87 255 255  87  40  73 255 255 255 255
255 255 255 255  40   0  56 255 255  56   0  40 255 255 255 255
255 255 255 255  87  56  87 199 199  44   0  40 255 255 255 255
255 255 255 255 255 255 199   0   0   0   0  40 255 255 255 255
255 255 255 255 255 255 199   0   0   0   0  40 255 255 255 255
255 255 255 255  87  56  44   0   0 156 199 208 255 255 255 255
255 255 255 255  40   0   0   0   0 199 255 255 255 255 255 255
255 255 255 255  73  40  40  40  40 208 255 255 255 255 255 255
255 255 255 255 255 255 255 255 255 255 255 255 255 255 255 255
255 255 255 255 255 255 255 255 255 255 255 255 255 255 255 255
255 255 255 255 255 255 255 255 255 255 255 255 255 255 255 255
255 255 255 255 255 255 255 255 255 255 255 255 255 255 255 255
255 255 255 255 255 255 255 255 255 255 255 255 255 255 255 255
255 255 255 255 255 255 255 255 255 255 255 255 255 255 255 255
255 255 255 255 255 255 255 255 255 255 255 255 255 255 255 255
255 255 255 255 255 255 255 255 255 255 255 255 255 255 255 255
255 255 255 255  73  40  87 255 255  87  40  73 255 255 255 255
255 255 255 255  40   0  56 255 255  56   0  40 255 255 255 255
255 255 255 255  87  56  87 199 199  44   0  40 255 255 255 255
255 255 255 255 255 255 199   0   0   0   0  40 255 255 255 255
255 255 255 255 255 255 199   0   0   0   0  40 255 255 255 255
255 255 255 255  87  56  44   0   0 156 199 208 255 255 255 255
255 255 255 255  40   0   0   0   0 199 255 255 255 255 255 255
255 255 255 255  73  40  40  40  40 208 255 255 255 255 255 255
255 255 255 255 255 255 255 255 255 255 255 255 255 255 255 255
255 255 255 255 255 255 255 255 255 255 255 255 255 255 255 255
255 255 255 255 255 255 255 255 255 255 255 255 255 255 255 255
255 255 255 255 255 255 255 255 255 255 255 255 255 255 255 255
255 255 255 255 255 255 255 255 255 255 255 255 255 255 255 255
255 255 255 255 255 255 255 255 255 255 255 255 255 255 255 255
255 255 255 255 255 255 255 255 255 255 255 255 255 255 255 255
255 255 255 255 255 255 255 255 255 255 255 255 255 255 255 255
255 255 255 255  73  40  87 255 255  87  40  73 255 255 255 255
255 255 255 255  40   0  56 255 255  56   0  40 255 255 255 255
255 255 255 255  87  56  87 199 199  44   0  40 255 255 255 255
255 255 255 255 255 255 199   0   0   0   0  40 255 255 255 255
255 255 255 255 255 255 199   0   0   0   0  40 255 255 255 255
255 255 255 255  87  56  44   0   0 156 199 208 255 255 255 255
255 255 255 255  40   0   0   0   0 199 255 255 255 255 255 255
255 255 255 255  73  40  40  40  40 208 255 255 255 255 255 255
255 255 255 255 255 255 255 255 255 255 255 255 255 255 255 255
255 255 255 255 255 255 255 255 255 255 255 255 255 255 255 255
255 255 255 255 255 255 255 255 255 255 255 255 255 255 255 255
255 255 255 255 255 255 255 255 255 255 255 255 255 255 255 255

255 255 255 255 255 255 255 255 255 255 255 255 255 255 255 255
255 255 255 255 255 255 255 255 255 255 255 255 255 255 255 255
255 255 255 255 255 255 255 255 255 255 255 255 255 255 255 255
255 255 255 245 208 202 202 202 203 238 255 255 255 255 255 255
255 255 255 214  54  27  27  27  31 184 254 255 255 255 255 255
255 255 255 210  31   1   1   0   5 175 253 254 255 255 255 255
255 255 255 223  98  77  54   1   3 121 175 184 238 255 255 255
255 255 255 254 250 249 174   5   0   3   5  31 203 255 255 255
255 255 255 253 249 248 175  11   5   1   0  27 202 255 255 255
255 255 255 223  96  76 106 175 174  54   1  27 202 255 255 255
255 255 255 210  31   2  76 248 249  77   1  27 202 255 255 255
255 255 255 215  56  31  96 249 250  98  31  54 208 255 255 255
255 255 255 246 215 210 223 253 254 223 210 214 245 255 255 255
255 255 255 255 255 255 255 255 255 255 255 255 255 255 255 255
255 255 255 255 255 255 255 255 255 255 255 255 255 255 255 255
255 255 255 255 255 255 255 255 255 255 255 255 255 255 255 255
255 255 255 255 255 255 255 255 255 255 255 255 255 255 255 255
255 255 255 255 255 255 255 255 255 255 255 255 255 255 255 255
255 255 255 255 255 255 255 255 255 255 255 255 255 255 255 255
255 255 255 245 208 202 202 202 203 238 255 255 255 255 255 255
255 255 255 214  54  27  27  27  31 184 254 255 255 255 255 255
255 255 255 210  31   1   1   0   5 175 253 254 255 255 255 255
255 255 255 223  98  77  54   1   3 121 175 184 238 255 255 255
255 255 255 254 250 249 174   5   0   3   5  31 203 255 255 255
255 255 255 253 249 248 175  11   5   1   0  27 202 255 255 255
255 255 255 223  96  76 106 175 174  54   1  27 202 255 255 255
255 255 255 210  31   2  76 248 249  77   1  27 202 255 255 255
255 255 255 215  56  31  96 249 250  98  31  54 208 255 255 255
255 255 255 246 215 210 223 253 254 223 210 214 245 255 255 255
255 255 255 255 255 255 255 255 255 255 255 255 255 255 255 255
255 255 255 255 255 255 255 255 255 255 255 255 255 255 255 255
255 255 255 255 255 255 255 255 255 255 255 255 255 255 255 255
255 255 255 255 255 255 255 255 255 255 255 255 255 255 255 255
255 255 255 255 255 255 255 255 255 255 255 255 255 255 255 255
255 255 255 255 255 255 255 255 255 255 255 255 255 255 255 255
255 255 255 245 208 202 202 202 203 238 255 255 255 255 255 255
255 255 255 214  54  27  27  27  31 184 254 255 255 255 255 255
255 255 255 210  31   1   1   0   5 175 253 254 255 255 255 255
255 255 255 223  98  77  54   1   3 121 175 184 238 255 255 255
255 255 255 254 250 249 174   5   0   3   5  31 203 255 255 255
255 255 255 253 249 248 175  11   5   1   0  27 202 255 255 255
255 255 255 223  96  76 106 175 174  54   1  27 202 255 255 255
255 255 255 210  31   2  76 248 249  77   1  27 202 255 255 255
255 255 255 215  56  31  96 249 250  98  31  54 208 255 255 255
255 255 255 246 215 210 223 253 254 223 210 214 245 255 255 255
255 255 255 255 255 255 255 255 255 255 255 255 255 255 255 255
255 255 255 255 255 255 255 255 255 255 255 255 255 255 255 255
255 255 255 255 255 255 255 255 255 255 255 255 255 255 255 255

255 255 255 255 255 255 255 255 255 255 255 255 255 255 255 255
255 255 255 255 255 255 255 255 255 255 255 255 255 255 255 255
255 255 255 255 255 255 255 255 255 255 255 255 255 255 255 255
255 255 255 255 255 254 235 200 199 199 199 207 245 255 255 255
255 255 255 255 255 253 175  25  21  21  21  54 215 255 255 255
255 255 255 254 253 250 167   4   0   1   1  37 212 255 255 255
255 255 255 235 175 167 112   2   1  60  84 107 225 255 255 255
255 255 255 200  25   4   2   0   5 180 249 250 253 255 255 255
255 255 255 199  21   0   1   5  11 181 248 248 253 255 255 255
255 255 255 199  21   1  60 180 181  99  68  94 223 255 255 255
255 255 255 199  21   1  84 249 248  68   0  35 211 255 255 255
255 255 255 207  54  37 107 250 248  94  35  66 217 255 255 255
255 255 255 245 215 212 225 253 253 223 211 217 247 255 255 255
255 255 255 255 255 255 255 255 255 255 255 255 255 255 255 255
255 255 255 255 255 255 255 255 255 255 255 255 255 255 255 255
255 255 255 255 255 255 255 255 255 255 255 255 255 255 255 255
255 255 255 255 255 255 255 255 255 255 255 255 255 255 255 255
255 255 255 255 255 255 255 255 255 255 255 255 255 255 255 255
255 255 255 255 255 255 255 255 255 255 255 255 255 255 255 255
255 255 255 255 255 254 235 200 199 199 199 207 245 255 255 255
255 255 255 255 255 253 175  25  21  21  21  54 215 255 255 255
255 255 255 254 253 250 167   4   0   1   1  37 212 255 255 255
255 255 255 235 175 167 112   2   1  60  84 107 225 255 255 255
255 255 255 200  25   4   2   0   5 180 249 250 253 255 255 255
255 255 255 199  21   0   1   5  11 181 248 248 253 255 255 255
255 255 255 199  21   1  60 180 181  99  68  94 223 255 255 255
255 255 255 199  21   1  84 249 248  68   0  35 211 255 255 255
255 255 255 207  54  37 107 250 248  94  35  66 217 255 255 255
255 255 255 245 215 212 225 253 253 223 211 217 247 255 255 255
255 255 255 255 255 255 255 255 255 255 255 255 255 255 255 255
255 255 255 255 255 255 255 255 255 255 255 255 255 255 255 255
255 255 255 255 255 255 255 255 255 255 255 255 255 255 255 255
255 255 255 255 255 255 255 255 255 255 255 255 255 255 255 255
255 255 255 255 255 255 255 255 255 255 255 255 255 255 255 255
255 255 255 255 255 255 255 255 255 255 255 255 255 255 255 255
255 255 255 255 255 254 235 200 199 199 199 207 245 255 255 255
255 255 255 255 255 253 175  25  21  21  21  54 215 255 255 255
255 255 255 254 253 250 167   4   0   1   1  37 212 255 255 255
255 255 255 235 175 167 112   2   1  60  84 107 225 255 255 255
255 255 255 200  25   4   2   0   5 180 249 250 253 255 255 255
255 255 255 199  21   0   1   5  11 181 248 248 253 255 255 255
255 255 255 199  21   1  60 180 181  99  68  94 223 255 255 255
255 255 255 199  21   1  84 249 248  68   0  35 211 255 255 255
255 255 255 207  54  37 107 250 248  94  35  66 217 255 255 255
255 255 255 245 215 212 225 253 253 223 211 217 247 255 255 255
255 255 255 255 255 255 255 255 255 255 255 255 255 255 255 255
255 255 255 255 255 255 255 255 255 255 255 255 255 255 255 255
255 255 255 255 255 255 255 255 255 255 255 255 255 255 255 255

255 255 255 255 255 255 255 255 255 255 255 255 255 255 255 255
255 255 255 255 255 255 255 255 255 255 255 255 255 255 255 255
255 255 255 255 255 255 255 255 255 255 255 255 255 255 255 255
255 255 255 245 214 210 223 254 253 223 210 215 246 255 255 255
255 255 255 208  54  31  98 250 249  96  31  56 215 255 255 255
255 255 255 202  27   1  77 249 248  76   2  31 210 255 255 255
255 255 255 202  27   1  54 174 175 106  76  96 223 255 255 255
255 255 255 202  27   0   1   5  11 175 248 249 253 255 255 255
255 255 255 203  31   5   3   0   5 174 249 250 254 255 255 255
255 255 255 238 184 175 121   3   1  54  77  98 223 255 255 255
255 255 255 255 254 253 175   5   0   1   1  31 210 255 255 255
255 255 255 255 255 254 184  31  27  27  27  54 214 255 255 255
255 255 255 255 255 255 238 203 202 202 202 208 245 255 255 255
255 255 255 255 255 255 255 255 255 255 255 255 255 255 255 255
255 255 255 255 255 255 255 255 255 255 255 255 255 255 255 255
255 255 255 255 255 255 255 255 255 255 255 255 255 255 255 255
255 255 255 255 255 255 255 255 255 255 255 255 255 255 255 255
255 255 255 255 255 255 255 255 255 255 255 255 255 255 255 255
255 255 255 255 255 255 255 255 255 255 255 255 255 255 255 255
255 255 255 245 214 210 223 254 253 223 210 215 246 255 255 255
255 255 255 208  54  31  98 250 249  96  31  56 215 255 255 255
255 255 255 202  27   1  77 249 248  76   2  31 210 255 255 255
255 255 255 202  27   1  54 174 175 106  76  96 223 255 255 255
255 255 255 202  27   0   1   5  11 175 248 249 253 255 255 255
255 255 255 203  31   5   3   0   5 174 249 250 254 255 255 255
255 255 255 238 184 175 121   3   1  54  77  98 223 255 255 255
255 255 255 255 254 253 175   5   0   1   1  31 210 255 255 255
255 255 255 255 255 254 184  31  27  27  27  54 214 255 255 255
255 255 255 255 255 255 238 203 202 202 202 208 245 255 255 255
255 255 255 255 255 255 255 255 255 255 255 255 255 255 255 255
255 255 255 255 255 255 255 255 255 255 255 255 255 255 255 255
255 255 255 255 255 255 255 255 255 255 255 255 255 255 255 255
255 255 255 255 255 255 255 255 255 255 255 255 255 255 255 255
255 255 255 255 255 255 255 255 255 255 255 255 255 255 255 255
255 255 255 255 255 255 255 255 255 255 255 255 255 255 255 255
255 255 255 245 214 210 223 254 253 223 210 215 246 255 255 255
255 255 255 208  54  31  98 250 249  96  31  56 215 255 255 255
255 255 255 202  27   1  77 249 248  76   2  31 210 255 255 255
255 255 255 202  27   1  54 174 175 106  76  96 223 255 255 255
255 255 255 202  27   0   1   5  11 175 248 249 253 255 255 255
255 255 255 203  31   5   3   0   5 174 249 250 254 255 255 255
255 255 255 238 184 175 121   3   1  54  77  98 223 255 255 255
255 255 255 255 254 253 175   5   0   1   1  31 210 255 255 255
255 255 255 255 255 254 184  31  27  27  27  54 214 255 255 255
255 255 255 255 255 255 238 203 202 202 202 208 245 255 255 255
255 255 255 255 255 255 255 255 255 255 255 255 255 255 255 255
255 255 255 255 255 255 255 255 255 255 255 255 255 255 255 255
255 255 255 255 255 255 255 255 255 255 255 255 255 255 255 255
